[40, 42, 44, 47, 49, 50, 48] : UnSafe
[65, 67, 70, 71, 72, 75, 75] : UnSafe
[74, 76, 78, 81, 83, 85, 87, 91] : UnSafe
[73, 76, 79, 81, 82, 85, 86, 91] : UnSafe
[64, 67, 69, 70, 68, 71, 72] : UnSafe
[76, 78, 77, 79, 82, 80] : UnSafe
[12, 13, 12, 13, 13] : UnSafe
[57, 59, 61, 64, 65, 62, 66] : UnSafe
[14, 16, 18, 19, 21, 24, 22, 27] : UnSafe
[36, 37, 37, 38, 39] : UnSafe
[1, 3, 5, 5, 4] : UnSafe
[72, 73, 76, 76, 78, 78] : UnSafe
[36, 39, 40, 40, 43, 45, 49] : UnSafe
[24, 26, 26, 29, 31, 37] : UnSafe
[16, 17, 18, 22, 23, 24, 26, 27] : UnSafe
[56, 57, 61, 63, 66, 65] : UnSafe
[52, 53, 57, 58, 60, 60] : UnSafe
[40, 43, 47, 49, 53] : UnSafe
[3, 4, 7, 11, 13, 15, 22] : UnSafe
[84, 87, 92, 93, 95] : UnSafe
[63, 66, 69, 72, 74, 79, 81, 80] : UnSafe
[43, 45, 47, 52, 54, 57, 57] : UnSafe
[51, 53, 54, 59, 62, 66] : UnSafe
[19, 20, 25, 28, 31, 32, 33, 38] : UnSafe
[76, 74, 77, 79, 82, 83, 85, 88] : UnSafe
[22, 20, 22, 25, 28, 29, 26] : UnSafe
[33, 31, 34, 37, 38, 40, 40] : UnSafe
[24, 21, 22, 24, 25, 26, 30] : UnSafe
[81, 80, 81, 83, 85, 87, 89, 96] : UnSafe
[33, 31, 32, 35, 37, 38, 36, 38] : UnSafe
[37, 34, 33, 35, 34] : UnSafe
[62, 61, 63, 66, 68, 67, 67] : UnSafe
[12, 9, 6, 9, 10, 11, 12, 16] : UnSafe
[32, 29, 26, 27, 30, 32, 34, 40] : UnSafe
[83, 81, 84, 84, 85] : UnSafe
[97, 96, 96, 98, 97] : UnSafe
[32, 29, 29, 32, 34, 37, 37] : UnSafe
[87, 85, 87, 90, 91, 91, 95] : UnSafe
[90, 88, 91, 91, 98] : UnSafe
[67, 66, 70, 72, 73] : UnSafe
[24, 21, 24, 28, 30, 32, 29] : UnSafe
[6, 3, 7, 9, 9] : UnSafe
[67, 66, 70, 72, 76] : UnSafe
[43, 40, 41, 42, 46, 48, 55] : UnSafe
[59, 58, 61, 64, 67, 72, 75, 77] : UnSafe
[84, 83, 89, 92, 94, 92] : UnSafe
[56, 55, 57, 62, 64, 64] : UnSafe
[11, 8, 9, 12, 17, 19, 20, 24] : UnSafe
[22, 19, 21, 28, 34] : UnSafe
[52, 52, 53, 56, 58, 59] : UnSafe
[16, 16, 17, 19, 21, 23, 20] : UnSafe
[86, 86, 88, 91, 92, 95, 95] : UnSafe
[22, 22, 23, 25, 26, 28, 32] : UnSafe
[72, 72, 75, 78, 84] : UnSafe
[89, 89, 87, 88, 90] : UnSafe
[89, 89, 88, 89, 87] : UnSafe
[58, 58, 61, 63, 64, 62, 62] : UnSafe
[75, 75, 76, 77, 79, 81, 79, 83] : UnSafe
[36, 36, 39, 42, 44, 41, 42, 48] : UnSafe
[76, 76, 78, 79, 79, 80, 82] : UnSafe
[22, 22, 25, 26, 29, 32, 32, 29] : UnSafe
[31, 31, 31, 34, 37, 40, 42, 42] : UnSafe
[58, 58, 60, 61, 64, 67, 67, 71] : UnSafe
[2, 2, 4, 4, 10] : UnSafe
[51, 51, 53, 56, 60, 61, 64] : UnSafe
[61, 61, 64, 68, 65] : UnSafe
[24, 24, 27, 31, 33, 33] : UnSafe
[70, 70, 71, 74, 78, 82] : UnSafe
[61, 61, 65, 66, 68, 70, 77] : UnSafe
[44, 44, 46, 48, 54, 56] : UnSafe
[7, 7, 10, 12, 17, 20, 19] : UnSafe
[23, 23, 25, 32, 33, 33] : UnSafe
[56, 56, 59, 62, 69, 72, 76] : UnSafe
[31, 31, 34, 35, 37, 43, 48] : UnSafe
[29, 33, 36, 37, 40, 42, 45, 47] : UnSafe
[10, 14, 17, 18, 21, 24, 27, 25] : UnSafe
[52, 56, 57, 60, 61, 62, 62] : UnSafe
[72, 76, 79, 80, 83, 84, 85, 89] : UnSafe
[52, 56, 57, 60, 63, 64, 70] : UnSafe
[23, 27, 24, 26, 27] : UnSafe
[28, 32, 33, 35, 36, 37, 36, 35] : UnSafe
[7, 11, 13, 11, 14, 17, 17] : UnSafe
[42, 46, 44, 45, 46, 49, 50, 54] : UnSafe
[35, 39, 37, 39, 42, 43, 45, 50] : UnSafe
[43, 47, 49, 52, 53, 53, 55] : UnSafe
[79, 83, 83, 85, 86, 87, 85] : UnSafe
[8, 12, 13, 15, 18, 20, 20, 20] : UnSafe
[67, 71, 72, 73, 73, 77] : UnSafe
[28, 32, 33, 33, 39] : UnSafe
[48, 52, 56, 58, 59, 61] : UnSafe
[28, 32, 34, 35, 37, 41, 39] : UnSafe
[25, 29, 33, 36, 39, 39] : UnSafe
[14, 18, 20, 24, 26, 27, 28, 32] : UnSafe
[59, 63, 66, 69, 73, 78] : UnSafe
[36, 40, 46, 47, 50, 52] : UnSafe
[15, 19, 26, 28, 29, 28] : UnSafe
[29, 33, 40, 41, 41] : UnSafe
[52, 56, 57, 58, 65, 67, 71] : UnSafe
[33, 37, 44, 47, 50, 52, 54, 61] : UnSafe
[21, 26, 27, 29, 30, 33, 36] : UnSafe
[78, 84, 85, 88, 86] : UnSafe
[50, 55, 57, 59, 60, 60] : UnSafe
[60, 67, 70, 71, 74, 76, 80] : UnSafe
[59, 64, 66, 67, 68, 74] : UnSafe
[39, 44, 47, 49, 52, 49, 51] : UnSafe
[3, 10, 11, 13, 15, 16, 14, 11] : UnSafe
[41, 46, 49, 47, 47] : UnSafe
[74, 80, 77, 78, 82] : UnSafe
[71, 76, 75, 77, 79, 84] : UnSafe
[45, 50, 50, 52, 53, 55, 58] : UnSafe
[72, 78, 78, 79, 81, 82, 83, 81] : UnSafe
[7, 13, 16, 17, 17, 17] : UnSafe
[28, 34, 37, 37, 38, 42] : UnSafe
[54, 59, 61, 61, 64, 67, 74] : UnSafe
[66, 71, 73, 74, 78, 81] : UnSafe
[27, 34, 38, 41, 43, 46, 48, 46] : UnSafe
[23, 29, 31, 33, 37, 37] : UnSafe
[27, 33, 36, 38, 42, 44, 47, 51] : UnSafe
[29, 36, 38, 42, 45, 46, 52] : UnSafe
[55, 60, 61, 68, 70, 73, 76, 77] : UnSafe
[73, 78, 80, 85, 86, 84] : UnSafe
[72, 79, 81, 83, 90, 92, 93, 93] : UnSafe
[11, 18, 19, 20, 27, 30, 34] : UnSafe
[66, 73, 75, 82, 88] : UnSafe
[63, 61, 59, 56, 58] : UnSafe
[83, 80, 78, 77, 77] : UnSafe
[37, 34, 32, 30, 29, 25] : UnSafe
[78, 77, 75, 72, 69, 67, 61] : UnSafe
[45, 42, 44, 41, 40] : UnSafe
[6, 5, 6, 5, 7] : UnSafe
[51, 48, 50, 48, 48] : UnSafe
[84, 83, 81, 80, 79, 80, 77, 73] : UnSafe
[83, 82, 85, 82, 80, 74] : UnSafe
[57, 56, 56, 55, 54, 52, 51] : UnSafe
[52, 49, 49, 48, 46, 44, 42, 44] : UnSafe
[8, 7, 7, 6, 6] : UnSafe
[51, 49, 49, 48, 44] : UnSafe
[72, 70, 68, 65, 65, 58] : UnSafe
[71, 69, 65, 62, 60, 58] : UnSafe
[72, 69, 65, 63, 60, 63] : UnSafe
[50, 47, 44, 41, 40, 37, 33, 33] : UnSafe
[62, 60, 56, 55, 51] : UnSafe
[67, 66, 64, 60, 57, 55, 52, 47] : UnSafe
[99, 96, 90, 88, 87, 85] : UnSafe
[45, 42, 36, 34, 33, 32, 34] : UnSafe
[73, 70, 68, 66, 64, 61, 56, 56] : UnSafe
[72, 70, 67, 60, 59, 55] : UnSafe
[21, 20, 13, 12, 10, 4] : UnSafe
[31, 32, 29, 26, 23] : UnSafe
[53, 56, 55, 53, 54] : UnSafe
[93, 95, 93, 92, 91, 91] : UnSafe
[51, 53, 52, 51, 49, 45] : UnSafe
[53, 56, 53, 52, 51, 45] : UnSafe
[6, 7, 4, 5, 4] : UnSafe
[37, 38, 35, 38, 36, 39] : UnSafe
[71, 73, 75, 74, 73, 72, 71, 71] : UnSafe
[38, 41, 39, 42, 38] : UnSafe
[20, 23, 21, 18, 19, 12] : UnSafe
[29, 30, 27, 25, 25, 23, 21, 19] : UnSafe
[5, 7, 7, 4, 1, 4] : UnSafe
[27, 28, 25, 25, 24, 23, 22, 22] : UnSafe
[84, 87, 87, 84, 80] : UnSafe
[88, 89, 87, 87, 85, 80] : UnSafe
[54, 55, 54, 50, 48] : UnSafe
[52, 53, 49, 47, 44, 46] : UnSafe
[55, 57, 56, 54, 50, 48, 48] : UnSafe
[55, 57, 56, 54, 50, 49, 45] : UnSafe
[41, 43, 42, 40, 37, 36, 32, 27] : UnSafe
[50, 52, 51, 50, 45, 43, 42, 39] : UnSafe
[38, 40, 38, 31, 30, 32] : UnSafe
[67, 69, 67, 64, 62, 57, 57] : UnSafe
[81, 83, 80, 78, 73, 69] : UnSafe
[51, 53, 52, 51, 50, 44, 42, 37] : UnSafe
[65, 65, 63, 61, 59, 56, 55, 54] : UnSafe
[75, 75, 72, 71, 70, 73] : UnSafe
[44, 44, 42, 41, 39, 38, 37, 37] : UnSafe
[17, 17, 14, 12, 9, 6, 2] : UnSafe
[61, 61, 59, 56, 53, 46] : UnSafe
[81, 81, 83, 82, 79] : UnSafe
[88, 88, 86, 84, 87, 85, 86] : UnSafe
[49, 49, 46, 45, 43, 45, 45] : UnSafe
[97, 97, 95, 98, 96, 92] : UnSafe
[38, 38, 37, 39, 36, 33, 31, 26] : UnSafe
[60, 60, 60, 57, 56, 54, 53, 50] : UnSafe
[23, 23, 20, 20, 18, 16, 14, 16] : UnSafe
[96, 96, 96, 93, 93] : UnSafe
[48, 48, 45, 45, 41] : UnSafe
[69, 69, 66, 65, 65, 63, 58] : UnSafe
[99, 99, 95, 94, 93, 90, 89] : UnSafe
[8, 8, 5, 1, 2] : UnSafe
[87, 87, 86, 82, 80, 79, 79] : UnSafe
[32, 32, 31, 28, 24, 21, 18, 14] : UnSafe
[45, 45, 42, 40, 37, 35, 31, 24] : UnSafe
[63, 63, 56, 55, 53, 52] : UnSafe
[78, 78, 76, 75, 73, 66, 63, 66] : UnSafe
[67, 67, 62, 59, 59] : UnSafe
[90, 90, 88, 83, 81, 77] : UnSafe
[58, 58, 57, 56, 55, 54, 49, 42] : UnSafe
[21, 17, 16, 15, 12, 10, 7, 5] : UnSafe
[33, 29, 28, 25, 23, 21, 24] : UnSafe
[81, 77, 74, 72, 70, 70] : UnSafe
[36, 32, 31, 28, 26, 23, 19] : UnSafe
[46, 42, 41, 38, 35, 33, 27] : UnSafe
[66, 62, 61, 63, 60, 59] : UnSafe
[66, 62, 63, 62, 60, 62] : UnSafe
[76, 72, 69, 71, 69, 66, 66] : UnSafe
[66, 62, 65, 62, 59, 57, 54, 50] : UnSafe
[48, 44, 43, 45, 42, 36] : UnSafe
[36, 32, 32, 30, 29] : UnSafe
[74, 70, 68, 68, 65, 68] : UnSafe
[22, 18, 16, 14, 12, 10, 10, 10] : UnSafe
[67, 63, 63, 60, 57, 56, 52] : UnSafe
[85, 81, 79, 79, 78, 75, 70] : UnSafe
[49, 45, 44, 41, 37, 34, 32] : UnSafe
[22, 18, 15, 13, 9, 7, 5, 7] : UnSafe
[45, 41, 37, 35, 35] : UnSafe
[65, 61, 57, 55, 53, 52, 50, 46] : UnSafe
[82, 78, 77, 76, 72, 67] : UnSafe
[92, 88, 85, 82, 75, 73, 71, 68] : UnSafe
[67, 63, 61, 55, 53, 51, 54] : UnSafe
[73, 69, 66, 65, 63, 62, 55, 55] : UnSafe
[82, 78, 73, 72, 71, 67] : UnSafe
[68, 64, 57, 54, 52, 50, 43] : UnSafe
[84, 78, 76, 75, 72, 70, 69] : UnSafe
[89, 83, 80, 78, 77, 78] : UnSafe
[83, 76, 73, 70, 68, 68] : UnSafe
[40, 35, 34, 33, 29] : UnSafe
[61, 56, 55, 52, 51, 46] : UnSafe
[97, 91, 94, 93, 90, 88] : UnSafe
[97, 90, 88, 91, 88, 86, 89] : UnSafe
[22, 16, 18, 17, 16, 14, 14] : UnSafe
[42, 37, 36, 39, 38, 36, 33, 29] : UnSafe
[57, 51, 54, 53, 50, 44] : UnSafe
[89, 83, 81, 79, 79, 78] : UnSafe
[69, 64, 64, 61, 63] : UnSafe
[22, 15, 12, 10, 10, 8, 5, 5] : UnSafe
[16, 11, 8, 6, 5, 5, 1] : UnSafe
[29, 24, 23, 23, 21, 19, 16, 11] : UnSafe
[72, 66, 62, 59, 57, 55] : UnSafe
[83, 76, 72, 69, 66, 65, 62, 65] : UnSafe
[30, 25, 23, 19, 16, 15, 15] : UnSafe
[52, 47, 43, 41, 38, 34] : UnSafe
[54, 48, 47, 45, 41, 38, 35, 29] : UnSafe
[61, 54, 53, 52, 47, 46] : UnSafe
[91, 85, 83, 78, 80] : UnSafe
[25, 19, 18, 13, 11, 11] : UnSafe
[67, 60, 57, 50, 49, 45] : UnSafe
[55, 48, 45, 40, 37, 35, 28] : UnSafe
[3, 6, 9, 12, 15, 18, 19, 16] : UnSafe
[53, 55, 56, 58, 59, 59] : UnSafe
[43, 45, 47, 49, 52, 56] : UnSafe
[11, 12, 15, 18, 24] : UnSafe
[49, 51, 50, 53, 55, 58] : UnSafe
[21, 24, 27, 28, 30, 29, 27] : UnSafe
[29, 30, 32, 35, 33, 35, 35] : UnSafe
[2, 5, 4, 6, 10] : UnSafe
[37, 40, 39, 40, 41, 48] : UnSafe
[60, 63, 66, 68, 71, 71, 73] : UnSafe
[21, 24, 26, 26, 29, 32, 31] : UnSafe
[7, 8, 8, 9, 12, 13, 13] : UnSafe
[70, 73, 75, 75, 79] : UnSafe
[22, 23, 24, 24, 25, 27, 29, 34] : UnSafe
[34, 36, 37, 38, 42, 44] : UnSafe
[70, 71, 72, 75, 77, 81, 79] : UnSafe
[1, 4, 7, 8, 9, 13, 13] : UnSafe
[64, 66, 69, 73, 75, 77, 80, 84] : UnSafe
[77, 80, 82, 86, 87, 90, 96] : UnSafe
[59, 60, 61, 67, 70] : UnSafe
[78, 79, 85, 87, 88, 89, 90, 88] : UnSafe
[8, 11, 13, 19, 21, 22, 22] : UnSafe
[20, 23, 28, 31, 32, 36] : UnSafe
[22, 24, 30, 32, 39] : UnSafe
[79, 77, 80, 83, 85, 88] : UnSafe
[28, 27, 28, 29, 27] : UnSafe
[30, 27, 30, 33, 35, 36, 36] : UnSafe
[61, 60, 63, 66, 70] : UnSafe
[29, 26, 29, 30, 32, 35, 36, 41] : UnSafe
[76, 73, 72, 73, 76, 78, 81, 83] : UnSafe
[8, 7, 10, 11, 8, 11, 10] : UnSafe
[11, 10, 12, 13, 16, 17, 14, 14] : UnSafe
[72, 70, 73, 70, 72, 74, 78] : UnSafe
[57, 54, 57, 56, 59, 60, 65] : UnSafe
[44, 41, 41, 43, 46] : UnSafe
[28, 27, 27, 28, 30, 27] : UnSafe
[74, 72, 73, 73, 76, 78, 78] : UnSafe
[21, 18, 18, 21, 23, 25, 29] : UnSafe
[75, 73, 75, 76, 78, 78, 81, 87] : UnSafe
[73, 72, 76, 78, 81, 84, 87] : UnSafe
[76, 73, 74, 78, 80, 81, 78] : UnSafe
[68, 67, 71, 72, 72] : UnSafe
[88, 85, 89, 91, 95] : UnSafe
[26, 23, 25, 28, 32, 33, 36, 41] : UnSafe
[45, 42, 47, 50, 52, 53] : UnSafe
[81, 80, 85, 86, 83] : UnSafe
[67, 66, 69, 76, 76] : UnSafe
[43, 42, 44, 51, 53, 56, 60] : UnSafe
[6, 5, 12, 15, 21] : UnSafe
[49, 49, 50, 51, 53, 55] : UnSafe
[67, 67, 68, 70, 72, 75, 74] : UnSafe
[1, 1, 4, 5, 6, 9, 9] : UnSafe
[12, 12, 13, 16, 20] : UnSafe
[44, 44, 45, 46, 47, 53] : UnSafe
[90, 90, 88, 89, 91, 94, 97] : UnSafe
[77, 77, 74, 76, 77, 76] : UnSafe
[36, 36, 34, 36, 36] : UnSafe
[46, 46, 48, 50, 49, 53] : UnSafe
[57, 57, 54, 57, 60, 67] : UnSafe
[30, 30, 31, 31, 34, 36, 37] : UnSafe
[14, 14, 15, 17, 18, 18, 17] : UnSafe
[51, 51, 52, 52, 52] : UnSafe
[34, 34, 34, 35, 39] : UnSafe
[5, 5, 7, 7, 13] : UnSafe
[65, 65, 69, 71, 73] : UnSafe
[17, 17, 21, 23, 20] : UnSafe
[64, 64, 65, 67, 68, 72, 73, 73] : UnSafe
[46, 46, 48, 49, 53, 57] : UnSafe
[47, 47, 51, 52, 53, 59] : UnSafe
[64, 64, 69, 71, 72, 75, 77] : UnSafe
[78, 78, 80, 85, 87, 84] : UnSafe
[10, 10, 11, 12, 19, 20, 20] : UnSafe
[17, 17, 23, 25, 29] : UnSafe
[48, 48, 51, 56, 63] : UnSafe
[65, 69, 71, 74, 76, 78] : UnSafe
[31, 35, 36, 39, 40, 42, 43, 40] : UnSafe
[67, 71, 73, 76, 78, 81, 81] : UnSafe
[62, 66, 67, 68, 69, 72, 74, 78] : UnSafe
[3, 7, 9, 12, 15, 18, 24] : UnSafe
[44, 48, 46, 48, 49] : UnSafe
[9, 13, 12, 15, 18, 21, 19] : UnSafe
[56, 60, 61, 64, 66, 64, 64] : UnSafe
[2, 6, 8, 5, 8, 11, 12, 16] : UnSafe
[78, 82, 84, 81, 83, 90] : UnSafe
[57, 61, 63, 65, 65, 66] : UnSafe
[53, 57, 57, 60, 58] : UnSafe
[85, 89, 89, 91, 91] : UnSafe
[45, 49, 52, 52, 53, 57] : UnSafe
[50, 54, 57, 59, 59, 60, 65] : UnSafe
[14, 18, 22, 24, 27] : UnSafe
[59, 63, 67, 69, 71, 70] : UnSafe
[7, 11, 12, 16, 16] : UnSafe
[71, 75, 79, 81, 85] : UnSafe
[25, 29, 33, 36, 39, 44] : UnSafe
[69, 73, 74, 77, 84, 87, 88, 90] : UnSafe
[78, 82, 85, 87, 93, 96, 99, 97] : UnSafe
[70, 74, 75, 77, 82, 82] : UnSafe
[51, 55, 62, 65, 67, 71] : UnSafe
[29, 33, 39, 42, 43, 49] : UnSafe
[75, 81, 84, 87, 89, 91, 92, 95] : UnSafe
[24, 31, 34, 37, 40, 42, 41] : UnSafe
[72, 79, 82, 84, 85, 88, 89, 89] : UnSafe
[71, 76, 79, 80, 82, 86] : UnSafe
[2, 7, 9, 12, 15, 21] : UnSafe
[29, 35, 32, 35, 37] : UnSafe
[25, 31, 28, 31, 32, 34, 32] : UnSafe
[79, 85, 88, 87, 88, 91, 91] : UnSafe
[23, 28, 29, 31, 29, 30, 34] : UnSafe
[13, 18, 21, 20, 22, 28] : UnSafe
[14, 19, 22, 23, 25, 25, 26] : UnSafe
[79, 84, 87, 87, 90, 91, 89] : UnSafe
[25, 32, 32, 35, 38, 38] : UnSafe
[46, 52, 52, 53, 57] : UnSafe
[39, 45, 45, 46, 47, 52] : UnSafe
[33, 39, 42, 46, 48, 51] : UnSafe
[70, 76, 77, 81, 79] : UnSafe
[35, 42, 46, 48, 48] : UnSafe
[58, 64, 67, 71, 74, 78] : UnSafe
[76, 82, 84, 88, 89, 90, 91, 97] : UnSafe
[6, 11, 16, 19, 21] : UnSafe
[61, 66, 69, 70, 75, 73] : UnSafe
[55, 60, 66, 68, 69, 72, 73, 73] : UnSafe
[3, 10, 11, 18, 19, 23] : UnSafe
[60, 65, 67, 68, 75, 81] : UnSafe
[46, 44, 41, 39, 38, 40] : UnSafe
[40, 39, 36, 35, 33, 31, 28, 28] : UnSafe
[97, 96, 94, 92, 90, 86] : UnSafe
[79, 77, 76, 75, 73, 70, 64] : UnSafe
[88, 87, 85, 86, 85, 83, 81, 78] : UnSafe
[81, 78, 81, 80, 78, 75, 78] : UnSafe
[92, 91, 90, 88, 86, 85, 88, 88] : UnSafe
[44, 43, 46, 43, 42, 41, 37] : UnSafe
[21, 18, 15, 14, 11, 13, 7] : UnSafe
[97, 96, 94, 92, 90, 90, 88] : UnSafe
[93, 92, 92, 90, 92] : UnSafe
[4, 3, 2, 2, 2] : UnSafe
[22, 20, 18, 15, 12, 10, 10, 6] : UnSafe
[40, 38, 36, 36, 34, 31, 29, 23] : UnSafe
[92, 89, 87, 84, 83, 80, 76, 74] : UnSafe
[92, 91, 90, 86, 84, 81, 82] : UnSafe
[40, 39, 35, 32, 29, 27, 27] : UnSafe
[85, 82, 81, 79, 76, 74, 70, 66] : UnSafe
[73, 72, 68, 65, 63, 56] : UnSafe
[53, 52, 51, 49, 46, 41, 38] : UnSafe
[83, 81, 78, 76, 70, 67, 69] : UnSafe
[37, 34, 33, 31, 29, 24, 24] : UnSafe
[38, 37, 31, 28, 25, 21] : UnSafe
[38, 37, 31, 29, 22] : UnSafe
[71, 74, 72, 70, 68, 65, 62, 60] : UnSafe
[21, 24, 22, 19, 20] : UnSafe
[51, 54, 53, 51, 49, 46, 45, 45] : UnSafe
[29, 31, 29, 27, 26, 22] : UnSafe
[35, 37, 36, 33, 31, 28, 26, 21] : UnSafe
[48, 50, 53, 50, 49, 47, 44, 42] : UnSafe
[30, 32, 31, 28, 25, 28, 25, 26] : UnSafe
[69, 72, 71, 73, 70, 67, 66, 66] : UnSafe
[54, 55, 58, 57, 55, 54, 51, 47] : UnSafe
[60, 63, 61, 63, 57] : UnSafe
[15, 16, 16, 13, 12, 10, 8] : UnSafe
[82, 83, 83, 81, 83] : UnSafe
[83, 85, 83, 81, 81, 79, 79] : UnSafe
[6, 8, 7, 7, 3] : UnSafe
[32, 34, 34, 32, 27] : UnSafe
[18, 21, 18, 14, 13, 10, 8, 7] : UnSafe
[51, 52, 48, 46, 43, 41, 39, 42] : UnSafe
[62, 65, 63, 62, 58, 58] : UnSafe
[19, 20, 19, 15, 14, 10] : UnSafe
[66, 68, 65, 61, 58, 52] : UnSafe
[85, 86, 85, 83, 80, 78, 71, 69] : UnSafe
[60, 61, 60, 57, 54, 48, 47, 48] : UnSafe
[11, 13, 11, 5, 5] : UnSafe
[50, 51, 48, 47, 46, 41, 37] : UnSafe
[49, 51, 44, 43, 36] : UnSafe
[88, 88, 86, 85, 82, 79, 77] : UnSafe
[36, 36, 35, 33, 35] : UnSafe
[66, 66, 65, 63, 62, 62] : UnSafe
[26, 26, 24, 22, 20, 18, 14] : UnSafe
[13, 13, 12, 10, 9, 4] : UnSafe
[79, 79, 76, 73, 70, 69, 70, 67] : UnSafe
[41, 41, 42, 40, 41] : UnSafe
[5, 5, 3, 6, 4, 2, 1, 1] : UnSafe
[8, 8, 6, 9, 6, 2] : UnSafe
[96, 96, 93, 92, 90, 92, 87] : UnSafe
[33, 33, 31, 30, 30, 29] : UnSafe
[82, 82, 80, 77, 77, 76, 79] : UnSafe
[19, 19, 18, 18, 18] : UnSafe
[64, 64, 63, 62, 62, 61, 60, 56] : UnSafe
[54, 54, 52, 49, 49, 44] : UnSafe
[96, 96, 93, 92, 91, 90, 86, 83] : UnSafe
[93, 93, 90, 86, 85, 82, 79, 80] : UnSafe
[32, 32, 28, 27, 24, 24] : UnSafe
[24, 24, 21, 19, 17, 15, 11, 7] : UnSafe
[68, 68, 66, 64, 63, 61, 57, 52] : UnSafe
[47, 47, 41, 38, 37, 35, 32] : UnSafe
[82, 82, 81, 78, 72, 70, 67, 69] : UnSafe
[66, 66, 64, 63, 61, 60, 55, 55] : UnSafe
[51, 51, 50, 47, 46, 41, 38, 34] : UnSafe
[60, 60, 57, 52, 47] : UnSafe
[95, 91, 90, 89, 86, 85] : UnSafe
[62, 58, 57, 55, 52, 53] : UnSafe
[27, 23, 20, 18, 16, 16] : UnSafe
[97, 93, 90, 89, 86, 83, 79] : UnSafe
[61, 57, 55, 52, 45] : UnSafe
[60, 56, 57, 55, 52, 49, 46, 44] : UnSafe
[58, 54, 56, 55, 58] : UnSafe
[87, 83, 80, 78, 76, 79, 76, 76] : UnSafe
[33, 29, 26, 23, 22, 25, 21] : UnSafe
[82, 78, 75, 72, 71, 73, 66] : UnSafe
[11, 7, 6, 6, 4] : UnSafe
[8, 4, 3, 3, 5] : UnSafe
[68, 64, 64, 63, 61, 59, 56, 56] : UnSafe
[33, 29, 26, 26, 22] : UnSafe
[85, 81, 78, 75, 72, 72, 70, 64] : UnSafe
[29, 25, 23, 19, 18, 15, 12, 10] : UnSafe
[51, 47, 45, 41, 44] : UnSafe
[95, 91, 87, 85, 83, 80, 80] : UnSafe
[31, 27, 23, 22, 20, 17, 13] : UnSafe
[61, 57, 53, 52, 51, 48, 42] : UnSafe
[48, 44, 42, 35, 34] : UnSafe
[17, 13, 6, 5, 2, 4] : UnSafe
[58, 54, 52, 46, 43, 43] : UnSafe
[89, 85, 84, 82, 79, 72, 69, 65] : UnSafe
[83, 79, 72, 70, 68, 67, 61] : UnSafe
[79, 74, 72, 71, 68, 67, 66] : UnSafe
[17, 11, 10, 9, 8, 7, 10] : UnSafe
[83, 77, 75, 73, 72, 70, 70] : UnSafe
[55, 48, 47, 45, 42, 38] : UnSafe
[64, 57, 54, 53, 50, 49, 47, 40] : UnSafe
[65, 59, 58, 56, 59, 58, 56] : UnSafe
[25, 20, 21, 18, 19] : UnSafe
[13, 8, 6, 3, 6, 6] : UnSafe
[75, 69, 66, 64, 61, 64, 62, 58] : UnSafe
[45, 39, 38, 37, 34, 32, 34, 29] : UnSafe
[26, 21, 19, 19, 17] : UnSafe
[23, 16, 14, 12, 10, 10, 11] : UnSafe
[35, 28, 25, 22, 20, 20, 18, 18] : UnSafe
[30, 25, 25, 22, 18] : UnSafe
[20, 14, 12, 12, 10, 8, 3] : UnSafe
[55, 49, 48, 44, 41, 40, 37] : UnSafe
[24, 17, 16, 12, 9, 12] : UnSafe
[26, 21, 18, 15, 12, 11, 7, 7] : UnSafe
[65, 59, 57, 55, 54, 50, 47, 43] : UnSafe
[86, 80, 79, 76, 72, 69, 66, 59] : UnSafe
[34, 29, 27, 20, 19] : UnSafe
[96, 89, 88, 83, 85] : UnSafe
[97, 92, 89, 82, 80, 80] : UnSafe
[66, 59, 57, 56, 53, 47, 43] : UnSafe
[28, 22, 17, 15, 12, 5] : UnSafe
[50, 50, 50, 47, 46, 45, 42, 44] : UnSafe
[99, 95, 92, 88, 85, 82, 80, 80] : UnSafe
[2, 3, 4, 5, 7, 11] : UnSafe
[81, 74, 71, 73, 76] : UnSafe
[42, 44, 47, 49, 47, 47] : UnSafe
[30, 31, 30, 33, 38] : UnSafe
[5, 5, 8, 14, 16, 18, 24] : UnSafe
[97, 91, 90, 87, 82] : UnSafe
[27, 28, 30, 32, 35, 37, 37] : UnSafe
[29, 25, 22, 20, 21, 17] : UnSafe
[38, 34, 30, 29, 26, 24, 20] : UnSafe
[46, 39, 37, 33, 33] : UnSafe
[43, 39, 37, 36, 33, 30, 29, 25] : UnSafe
[13, 17, 21, 22, 27] : UnSafe
[78, 71, 70, 67, 65, 60, 57] : UnSafe
[54, 56, 54, 52, 51, 49] : UnSafe
[47, 53, 54, 55, 56, 57, 58, 65] : UnSafe
[48, 48, 46, 45, 44, 40, 41] : UnSafe
[66, 64, 61, 58, 56, 54] : Safe
[32, 33, 35, 36, 38, 41, 43, 46] : Safe
[81, 84, 87, 90, 92, 94, 96] : Safe
[64, 66, 67, 69, 71, 72] : Safe
[45, 46, 47, 48, 50, 53, 55] : Safe
[27, 26, 23, 21, 20, 17, 16, 14] : Safe
[67, 70, 73, 74, 76] : Safe
[20, 19, 17, 15, 12] : Safe
[30, 33, 35, 37, 40, 42] : Safe
[63, 62, 60, 58, 57, 56] : Safe
[7, 8, 10, 12, 15] : Safe
[52, 50, 49, 47, 46, 45] : Safe
[27, 26, 24, 21, 19, 16] : Safe
[7, 8, 9, 10, 11, 12, 14, 17] : Safe
[27, 26, 23, 22, 21, 20, 19] : Safe
[42, 44, 47, 49, 52, 53, 55, 58] : Safe
[63, 60, 59, 57, 55] : Safe
[44, 45, 48, 51, 53, 54, 55, 58] : Safe
[79, 82, 85, 86, 89] : Safe
[28, 26, 25, 23, 21, 18, 15, 13] : Safe
[20, 21, 22, 24, 25, 26, 29] : Safe
[54, 55, 58, 60, 63, 64, 66, 67] : Safe
[25, 26, 28, 31, 32, 34, 37, 39] : Safe
[40, 39, 36, 33, 30, 28, 26, 25] : Safe
[41, 40, 37, 34, 33, 32, 30] : Safe
[21, 24, 25, 28, 29, 30, 32, 35] : Safe
[77, 76, 73, 72, 71, 68] : Safe
[67, 70, 72, 74, 75, 76, 77, 78] : Safe
[68, 70, 73, 76, 78, 79, 82, 85] : Safe
[53, 52, 49, 48, 45, 44, 43] : Safe
[31, 33, 36, 39, 41] : Safe
[97, 94, 93, 91, 89] : Safe
[66, 69, 72, 75, 78] : Safe
[53, 56, 57, 59, 60] : Safe
[73, 74, 76, 79, 81] : Safe
[94, 91, 90, 89, 87] : Safe
[24, 26, 27, 30, 32, 35] : Safe
[40, 37, 34, 31, 28, 25, 23, 22] : Safe
[36, 38, 39, 40, 42] : Safe
[87, 88, 90, 93, 95] : Safe
[71, 74, 75, 76, 77, 78] : Safe
[65, 67, 70, 71, 73, 74, 76] : Safe
[42, 41, 38, 36, 35, 33] : Safe
[86, 89, 90, 91, 92, 93, 95, 96] : Safe
[39, 37, 36, 33, 31, 29] : Safe
[23, 22, 19, 18, 15, 12, 9, 6] : Safe
[59, 58, 57, 54, 52, 49] : Safe
[71, 73, 74, 77, 80, 83, 85, 87] : Safe
[10, 9, 7, 6, 5, 4] : Safe
[65, 67, 68, 71, 73, 76, 77] : Safe
[18, 20, 22, 25, 27, 28, 29, 30] : Safe
[83, 80, 79, 78, 76] : Safe
[24, 27, 30, 33, 35] : Safe
[18, 21, 24, 27, 30, 31, 34, 35] : Safe
[84, 85, 87, 89, 90, 93, 94, 95] : Safe
[66, 68, 71, 73, 74, 76] : Safe
[43, 40, 38, 36, 35, 32, 30, 28] : Safe
[96, 93, 90, 87, 86, 84] : Safe
[29, 30, 32, 34, 36, 39, 40] : Safe
[57, 59, 60, 62, 64] : Safe
[15, 16, 17, 20, 22, 25, 27] : Safe
[37, 38, 41, 44, 47] : Safe
[62, 61, 58, 56, 54, 52] : Safe
[53, 55, 57, 58, 61, 63, 65] : Safe
[11, 13, 16, 17, 18] : Safe
[63, 66, 67, 68, 69] : Safe
[6, 8, 9, 10, 11] : Safe
[35, 33, 31, 29, 26, 23, 20, 17] : Safe
[35, 34, 31, 28, 25, 22, 20] : Safe
[41, 43, 46, 49, 51, 54, 56, 58] : Safe
[65, 68, 71, 73, 76, 77, 80] : Safe
[9, 12, 15, 18, 21, 24] : Safe
[75, 74, 72, 69, 67, 65, 62] : Safe
[19, 18, 16, 14, 12] : Safe
[27, 28, 31, 34, 35, 37, 38] : Safe
[37, 40, 41, 44, 45] : Safe
[38, 35, 34, 31, 28, 27] : Safe
[87, 86, 84, 81, 78, 75] : Safe
[84, 83, 81, 79, 76] : Safe
[81, 79, 76, 73, 72, 69] : Safe
[34, 36, 38, 41, 43, 45, 46, 47] : Safe
[73, 74, 77, 80, 83, 84] : Safe
[26, 28, 29, 31, 33, 35] : Safe
[89, 90, 93, 96, 99] : Safe
[40, 43, 44, 46, 48, 49] : Safe
[15, 18, 21, 24, 26, 29, 30, 33] : Safe
[89, 87, 84, 82, 79, 78, 76] : Safe
[71, 74, 75, 77, 78, 81, 82] : Safe
[25, 23, 21, 19, 17, 14, 11, 8] : Safe
[89, 87, 85, 84, 83, 80, 77] : Safe
[60, 62, 64, 66, 69, 70] : Safe
[92, 91, 88, 85, 84, 82, 79] : Safe
[77, 78, 79, 81, 84, 86, 88, 90] : Safe
[34, 33, 30, 28, 25, 22, 21] : Safe
[47, 48, 49, 51, 52, 54] : Safe
[41, 42, 44, 46, 47] : Safe
[69, 66, 64, 63, 61, 59, 58, 55] : Safe
[55, 53, 51, 48, 45] : Safe
[57, 54, 52, 51, 49, 47, 46] : Safe
[81, 79, 77, 75, 72, 69, 67, 64] : Safe
[44, 46, 49, 50, 52, 55, 58, 60] : Safe
[77, 74, 73, 72, 69, 66] : Safe
[74, 77, 78, 80, 83, 85] : Safe
[72, 69, 67, 66, 65, 63, 60] : Safe
[63, 64, 66, 69, 70, 73, 74, 77] : Safe
[34, 35, 37, 40, 41, 44, 45] : Safe
[78, 77, 74, 71, 70, 67, 66, 65] : Safe
[73, 71, 68, 66, 63, 62, 60] : Safe
[81, 79, 78, 77, 75, 73] : Safe
[85, 82, 79, 78, 77, 75] : Safe
[94, 92, 90, 89, 88] : Safe
[35, 37, 38, 41, 44, 47] : Safe
[85, 84, 82, 81, 79, 78] : Safe
[48, 49, 50, 53, 54] : Safe
[11, 12, 13, 15, 17, 18, 20, 22] : Safe
[26, 24, 22, 19, 16, 15, 14] : Safe
[20, 17, 16, 15, 14, 11, 10, 7] : Safe
[80, 83, 84, 85, 86] : Safe
[36, 37, 38, 41, 43, 44, 45, 46] : Safe
[77, 76, 75, 74, 72] : Safe
[15, 16, 17, 20, 21, 24, 27, 29] : Safe
[67, 70, 71, 73, 74, 77, 78] : Safe
[89, 86, 85, 83, 80, 77, 74] : Safe
[52, 50, 47, 45, 44, 43] : Safe
[30, 29, 28, 27, 24, 21, 19, 18] : Safe
[89, 86, 83, 81, 79] : Safe
[81, 84, 87, 89, 92] : Safe
[23, 24, 26, 29, 31, 33, 35] : Safe
[97, 95, 94, 91, 90, 87] : Safe
[75, 72, 71, 69, 68, 66, 63] : Safe
[65, 67, 70, 73, 76, 77, 80] : Safe
[39, 38, 35, 33, 30, 28] : Safe
[59, 62, 63, 66, 68] : Safe
[13, 16, 19, 22, 25, 28, 29] : Safe
[28, 30, 32, 33, 34, 36, 39] : Safe
[63, 60, 58, 55, 53, 52, 49] : Safe
[40, 42, 44, 46, 47] : Safe
[35, 34, 31, 30, 27, 24] : Safe
[70, 67, 65, 64, 61, 58] : Safe
[9, 10, 13, 15, 16, 18, 20, 21] : Safe
[92, 95, 96, 97, 98, 99] : Safe
[55, 54, 51, 49, 47, 44, 42] : Safe
[21, 18, 16, 15, 14, 13, 10, 8] : Safe
[41, 39, 38, 37, 35, 33, 31] : Safe
[20, 21, 22, 23, 25, 26] : Safe
[31, 32, 35, 37, 39, 40] : Safe
[2, 4, 6, 9, 11, 14, 17, 20] : Safe
[51, 54, 56, 59, 62] : Safe
[43, 40, 38, 35, 34, 33] : Safe
[87, 86, 84, 82, 80, 78, 77, 74] : Safe
[43, 46, 47, 50, 53, 56] : Safe
[41, 39, 36, 35, 33] : Safe
[90, 87, 86, 84, 82, 79, 77] : Safe
[64, 63, 62, 61, 58] : Safe
[60, 58, 55, 54, 52] : Safe
[37, 34, 32, 29, 28, 26] : Safe
[87, 85, 83, 82, 79, 77] : Safe
[82, 83, 84, 87, 90] : Safe
[22, 21, 20, 18, 16, 13] : Safe
[20, 23, 24, 26, 29, 31, 32, 34] : Safe
[45, 47, 48, 49, 50, 53, 55, 57] : Safe
[82, 85, 88, 90, 93, 96] : Safe
[40, 37, 35, 32, 29] : Safe
[42, 39, 38, 35, 33, 30, 29, 26] : Safe
[32, 30, 27, 24, 21, 18] : Safe
[97, 94, 91, 88, 85, 83] : Safe
[52, 50, 47, 44, 41, 40] : Safe
[97, 95, 92, 91, 90, 88, 85] : Safe
[61, 64, 67, 70, 71, 72, 73, 75] : Safe
[63, 61, 60, 58, 56, 53, 51, 48] : Safe
[57, 60, 61, 64, 67, 68, 71, 72] : Safe
[17, 18, 21, 22, 23, 24] : Safe
[26, 29, 30, 33, 35, 37] : Safe
[90, 88, 86, 83, 82, 81, 79] : Safe
[73, 74, 75, 76, 77, 78, 81] : Safe
[46, 48, 51, 54, 56, 59, 60, 63] : Safe
[88, 86, 84, 81, 78, 76, 73] : Safe
[22, 25, 28, 30, 33, 34, 37, 38] : Safe
[76, 77, 79, 81, 84, 87, 88] : Safe
[1, 2, 3, 6, 8] : Safe
[34, 33, 32, 29, 28, 27, 25, 22] : Safe
[68, 69, 70, 73, 76, 79, 81] : Safe
[46, 45, 44, 42, 41] : Safe
[78, 75, 73, 72, 69] : Safe
[83, 82, 81, 80, 79, 77, 76] : Safe
[47, 50, 52, 54, 56] : Safe
[33, 36, 38, 39, 42, 45, 46] : Safe
[78, 75, 72, 70, 69, 66, 64, 63] : Safe
[45, 47, 48, 50, 51] : Safe
[22, 21, 18, 16, 13, 11, 9, 8] : Safe
[53, 56, 57, 59, 61, 62, 64] : Safe
[35, 33, 31, 28, 25, 24, 23] : Safe
[13, 12, 10, 8, 6, 5, 2, 1] : Safe
[19, 16, 14, 13, 10, 7, 6, 4] : Safe
[33, 36, 39, 41, 42, 44] : Safe
[57, 59, 60, 63, 65, 68, 69, 70] : Safe
[41, 38, 37, 35, 32] : Safe
[85, 82, 80, 77, 75] : Safe
[51, 54, 57, 59, 62, 64, 65] : Safe
[36, 38, 40, 41, 43, 45, 46] : Safe
[83, 86, 87, 90, 92, 93, 94, 96] : Safe
[58, 55, 54, 51, 49, 47, 44] : Safe
[61, 58, 56, 53, 52, 50, 49, 47] : Safe
[19, 16, 13, 12, 11, 10, 9] : Safe
[47, 46, 43, 41, 38, 35] : Safe
[71, 68, 66, 63, 62] : Safe
[81, 84, 87, 90, 91, 93, 96, 98] : Safe
[6, 7, 9, 11, 13, 15, 18, 21] : Safe
[78, 79, 82, 84, 86, 89, 91] : Safe
[29, 31, 33, 35, 36, 37, 38] : Safe
[60, 62, 64, 67, 69, 70, 71, 74] : Safe
[66, 69, 71, 72, 74, 75] : Safe
[50, 53, 55, 57, 58, 59] : Safe
[51, 53, 54, 57, 59] : Safe
[12, 11, 10, 9, 7, 6, 5, 2] : Safe
[41, 44, 47, 48, 50, 51, 52, 54] : Safe
[55, 54, 52, 51, 48, 47, 44, 41] : Safe
[46, 45, 44, 41, 40, 37, 35] : Safe
[62, 61, 59, 56, 53, 51, 48] : Safe
[81, 84, 85, 86, 89, 90, 93, 95] : Safe
[24, 25, 28, 29, 32, 35, 36, 39] : Safe
[46, 43, 41, 40, 38] : Safe
[15, 13, 10, 7, 5] : Safe
[81, 78, 76, 75, 74] : Safe
[61, 62, 65, 67, 70, 73] : Safe
[43, 40, 39, 36, 33, 32, 31] : Safe
[49, 46, 44, 42, 39, 37, 35] : Safe
[27, 28, 30, 31, 33] : Safe
[52, 51, 48, 47, 45, 44, 42] : Safe
[38, 35, 33, 31, 28] : Safe
[3, 6, 9, 10, 13, 15] : Safe
[36, 33, 31, 28, 27, 25, 22, 19] : Safe
[18, 19, 22, 23, 25, 27, 30, 31] : Safe
[28, 31, 34, 36, 39, 40, 42, 45] : Safe
[96, 94, 91, 90, 88, 87, 84] : Safe
[36, 37, 39, 40, 43] : Safe
[89, 87, 86, 83, 80, 78, 76, 75] : Safe
[93, 92, 91, 88, 86, 84, 83] : Safe
[91, 90, 88, 87, 84] : Safe
[64, 63, 61, 60, 57] : Safe
[52, 55, 57, 60, 63] : Safe
[11, 12, 15, 16, 17, 20, 22, 25] : Safe
[93, 90, 87, 84, 82, 80, 77, 74] : Safe
[84, 81, 80, 78, 77, 75, 72] : Safe
[34, 35, 36, 38, 39, 40] : Safe
[65, 67, 68, 69, 70, 73] : Safe
[81, 79, 78, 76, 75, 72, 69, 66] : Safe
[88, 87, 86, 85, 82] : Safe
[44, 43, 41, 40, 39, 38, 37, 34] : Safe
[76, 79, 80, 83, 86, 87, 89, 92] : Safe
[22, 21, 19, 18, 16, 15, 13, 11] : Safe
[60, 61, 64, 67, 69, 70, 71, 72] : Safe
[75, 76, 77, 80, 81, 82, 83, 84] : Safe
[66, 63, 61, 59, 57, 54, 52] : Safe
[72, 71, 68, 67, 64, 61] : Safe
[78, 77, 74, 71, 70] : Safe
[67, 64, 62, 61, 58, 57, 55] : Safe
[27, 29, 32, 33, 36, 37] : Safe
[14, 13, 11, 8, 7, 5] : Safe
[51, 54, 55, 56, 58, 61] : Safe
[36, 37, 38, 40, 41] : Safe
[19, 21, 22, 24, 27, 30, 33] : Safe
[61, 58, 57, 55, 54, 52, 51, 49] : Safe
[80, 82, 84, 87, 89, 91, 93] : Safe
[93, 92, 89, 88, 86, 83, 82] : Safe
[79, 76, 73, 70, 68, 66] : Safe
[24, 22, 21, 20, 17, 14] : Safe
[17, 14, 11, 8, 7] : Safe
[87, 86, 85, 82, 80, 77, 76, 75] : Safe
[14, 13, 11, 10, 9, 7, 4, 1] : Safe
[82, 85, 87, 90, 93, 95] : Safe
[58, 55, 54, 52, 51, 50, 49] : Safe
[60, 59, 57, 54, 53, 52] : Safe
[80, 77, 75, 72, 69, 67, 64] : Safe
[45, 46, 47, 49, 50, 53] : Safe
[91, 90, 87, 86, 84, 82, 81] : Safe
[69, 70, 71, 72, 73, 76] : Safe
[85, 84, 81, 79, 77] : Safe
[21, 20, 17, 14, 11, 10, 7] : Safe
[68, 67, 65, 63, 62, 60, 58] : Safe
[34, 35, 37, 38, 41, 42, 44] : Safe
[12, 13, 15, 17, 20, 22, 25, 27] : Safe
[18, 16, 15, 12, 10, 9] : Safe
[20, 17, 14, 13, 11, 9, 8] : Safe
[67, 65, 63, 62, 59, 57, 55] : Safe
[88, 91, 92, 93, 94] : Safe
[91, 90, 88, 86, 84, 82] : Safe
[66, 64, 62, 59, 56, 54] : Safe
[78, 76, 75, 73, 71] : Safe
[71, 68, 65, 62, 61, 60, 57] : Safe
[56, 57, 59, 62, 63, 65] : Safe
[30, 28, 26, 25, 22] : Safe
[82, 81, 78, 77, 76, 74, 73] : Safe
[54, 52, 49, 48, 46, 43, 40] : Safe
[59, 58, 57, 54, 51, 49] : Safe
[80, 81, 82, 83, 86, 88, 90, 91] : Safe
[85, 83, 80, 79, 77, 75, 72, 71] : Safe
[87, 89, 90, 91, 92, 94] : Safe
[13, 14, 16, 19, 22] : Safe
[29, 28, 25, 23, 22, 20, 19] : Safe
[21, 22, 24, 27, 29, 32, 34] : Safe
[11, 8, 6, 5, 3] : Safe
[65, 63, 62, 60, 58] : Safe
[32, 35, 36, 38, 39, 40] : Safe
[38, 39, 40, 43, 44, 45] : Safe
[43, 40, 37, 35, 33, 30, 27] : Safe
[10, 7, 6, 5, 4, 3] : Safe
[4, 5, 8, 9, 11, 13] : Safe
[87, 90, 93, 95, 97, 98] : Safe
[68, 69, 70, 73, 74] : Safe
[65, 62, 61, 60, 58, 56, 53] : Safe
[53, 54, 57, 60, 62, 64, 65] : Safe
[57, 58, 59, 62, 64, 66, 68] : Safe
[56, 54, 52, 51, 48, 47, 45] : Safe
[87, 90, 91, 94, 95, 96] : Safe
[93, 92, 90, 89, 87, 85, 83, 82] : Safe
[3, 6, 9, 11, 12] : Safe
[35, 32, 31, 29, 28] : Safe
[82, 81, 78, 77, 74] : Safe
[10, 12, 14, 15, 18, 20, 23, 24] : Safe
[60, 59, 58, 57, 54, 53, 51] : Safe
[37, 34, 33, 30, 28, 26, 24] : Safe
[22, 20, 18, 16, 14] : Safe
[15, 18, 21, 23, 25] : Safe
[19, 17, 14, 13, 12] : Safe
[20, 18, 16, 14, 11, 10, 8] : Safe
[84, 83, 82, 80, 78, 76, 73] : Safe
[11, 12, 13, 16, 19] : Safe
[59, 56, 55, 53, 51, 50, 48] : Safe
[81, 79, 78, 76, 75] : Safe
[4, 7, 9, 10, 12, 13, 16, 17] : Safe
[1, 3, 5, 6, 9, 11, 14, 15] : Safe
[24, 27, 30, 32, 35, 37, 38, 39] : Safe
[50, 48, 46, 45, 43, 42, 39, 37] : Safe
[53, 51, 49, 48, 45] : Safe
[82, 81, 80, 77, 74] : Safe
[38, 37, 34, 31, 29, 27, 24] : Safe
[77, 78, 79, 82, 85, 88] : Safe
[66, 63, 62, 61, 58] : Safe
[40, 39, 36, 35, 32, 29] : Safe
[16, 13, 10, 7, 6, 5] : Safe
[39, 36, 33, 32, 30] : Safe
[90, 88, 86, 84, 81, 80] : Safe
[91, 88, 86, 83, 81, 79] : Safe
[87, 86, 83, 81, 79, 77, 75, 72] : Safe
[10, 11, 12, 14, 16] : Safe
[20, 23, 25, 27, 28] : Safe
[64, 66, 69, 70, 72, 73, 76, 77] : Safe
[89, 88, 85, 82, 80] : Safe
[24, 23, 20, 19, 18, 16] : Safe
[59, 56, 55, 53, 51, 49] : Safe
[99, 97, 94, 91, 88, 86, 83] : Safe
[27, 24, 22, 20, 17, 16, 15, 12] : Safe
[84, 87, 90, 93, 94, 96, 98, 99] : Safe
[37, 38, 41, 44, 46] : Safe
[21, 22, 25, 27, 29, 30, 32, 33] : Safe
[18, 19, 21, 23, 25, 27] : Safe
[30, 29, 27, 26, 25, 22, 20] : Safe
[82, 80, 78, 76, 74] : Safe
[23, 25, 28, 30, 31, 32, 35, 38] : Safe
[19, 16, 15, 13, 10, 7] : Safe
[84, 85, 86, 87, 88, 89] : Safe
[86, 84, 83, 80, 78, 76, 75, 73] : Safe
[9, 10, 12, 14, 15, 18] : Safe
[18, 21, 23, 24, 25, 28, 29] : Safe
[52, 51, 49, 46, 45, 44] : Safe
[11, 14, 16, 17, 20] : Safe
[39, 38, 37, 35, 34, 32, 29, 26] : Safe
[66, 63, 61, 58, 55, 52] : Safe
[99, 96, 94, 93, 90, 88, 85, 82] : Safe
[51, 50, 47, 46, 43, 41, 38] : Safe
[70, 68, 67, 65, 62, 61, 60] : Safe
[86, 83, 81, 78, 75, 74, 73, 71] : Safe
[33, 31, 28, 26, 24, 21, 19, 17] : Safe
[53, 50, 48, 46, 45, 43] : Safe
[15, 14, 13, 10, 7] : Safe
[49, 46, 43, 40, 37] : Safe
[79, 80, 81, 84, 85] : Safe
[1, 4, 5, 8, 10] : Safe
[34, 33, 30, 29, 27, 25] : Safe
[11, 9, 7, 4, 2] : Safe
[77, 74, 73, 70, 68, 65, 62, 61] : Safe
[88, 87, 84, 82, 79, 77, 74] : Safe
[46, 45, 43, 40, 37, 36, 34] : Safe
[47, 49, 52, 54, 57] : Safe
[16, 17, 20, 21, 22, 25] : Safe
[27, 25, 23, 22, 19, 16] : Safe
[76, 73, 71, 69, 66, 63, 60] : Safe
[57, 58, 59, 62, 65, 68] : Safe
[52, 50, 47, 44, 43, 40] : Safe
[69, 66, 63, 60, 59, 57, 56] : Safe
[30, 32, 35, 36, 38, 39, 40] : Safe
[12, 15, 16, 17, 19, 20, 22, 23] : Safe
[68, 67, 64, 61, 58, 55, 52] : Safe
[67, 66, 64, 62, 60, 58, 55] : Safe
[71, 69, 66, 65, 64] : Safe
[85, 84, 82, 80, 79, 78, 77] : Safe
[10, 13, 16, 18, 19, 20] : Safe
[49, 52, 53, 56, 57] : Safe
[24, 21, 18, 16, 13, 11] : Safe
[95, 92, 91, 88, 87, 84] : Safe
[80, 82, 84, 85, 88, 89] : Safe
[46, 47, 49, 51, 52, 53, 54] : Safe
[17, 14, 13, 12, 10] : Safe
[66, 67, 69, 71, 73, 76, 79, 82] : Safe
[52, 49, 48, 45, 42, 39, 38, 36] : Safe
[79, 82, 85, 88, 90] : Safe
[84, 86, 89, 90, 92, 95] : Safe
[69, 71, 73, 75, 78, 80, 81] : Safe
[28, 30, 33, 36, 38, 40] : Safe
[31, 33, 35, 36, 39, 40, 42, 44] : Safe
[58, 59, 62, 63, 64, 67, 70, 71] : Safe
[63, 66, 67, 68, 71, 72] : Safe
[72, 73, 75, 78, 80, 83, 84] : Safe
[66, 64, 62, 61, 60, 58, 57, 56] : Safe
[55, 57, 58, 59, 60, 62] : Safe
[75, 76, 78, 79, 81, 84, 85, 88] : Safe
[75, 74, 73, 71, 69] : Safe
[91, 88, 87, 84, 83, 81] : Safe
[22, 21, 18, 17, 15, 14] : Safe
[81, 83, 84, 85, 87, 90] : Safe
[18, 16, 13, 12, 11, 9, 6] : Safe
[55, 54, 51, 50, 47] : Safe
[11, 14, 15, 16, 17] : Safe
[80, 77, 74, 71, 69, 67, 64, 63] : Safe
[94, 92, 91, 89, 88, 85, 84, 82] : Safe
[61, 58, 57, 56, 54] : Safe
[76, 77, 80, 82, 85, 87] : Safe
[67, 65, 63, 62, 61] : Safe
[27, 25, 24, 23, 21, 18, 15, 12] : Safe
[43, 40, 39, 37, 36] : Safe
[89, 87, 84, 81, 79, 77] : Safe
[57, 59, 60, 63, 65, 68, 71, 73] : Safe
[96, 93, 91, 88, 86, 84, 83] : Safe
[62, 59, 58, 56, 54, 52, 51] : Safe
[30, 32, 35, 38, 41, 42, 44] : Safe
[24, 22, 19, 17, 15, 12, 11] : Safe
[34, 33, 31, 28, 26, 25] : Safe
[5, 7, 8, 11, 13] : Safe
[48, 46, 43, 40, 37, 36] : Safe
[39, 36, 33, 30, 27, 26, 25] : Safe
[51, 48, 46, 43, 41, 38] : Safe
[52, 51, 50, 47, 46, 45] : Safe
[57, 55, 54, 51, 50] : Safe
[61, 59, 58, 55, 52] : Safe
[38, 36, 35, 33, 30, 27, 24, 23] : Safe
[73, 72, 70, 67, 66, 63, 61] : Safe
[33, 30, 29, 27, 24] : Safe
[97, 95, 94, 91, 90, 88, 86, 83] : Safe
[81, 79, 76, 75, 73, 72] : Safe
[8, 9, 12, 15, 17, 19, 21] : Safe
[26, 29, 31, 32, 34] : Safe
[88, 86, 85, 83, 80, 78] : Safe
[76, 78, 80, 81, 82, 83, 85, 86] : Safe
[15, 12, 10, 7, 6, 3, 2] : Safe
[33, 32, 29, 26, 24] : Safe
[32, 31, 29, 28, 26, 23, 21, 18] : Safe
[88, 87, 84, 83, 81, 80, 79, 78] : Safe
[33, 30, 28, 27, 25, 22, 21, 18] : Safe
[58, 61, 64, 67, 69, 72, 75] : Safe
[45, 44, 42, 39, 37, 35] : Safe
[85, 84, 81, 80, 79, 77, 76, 74] : Safe
[58, 57, 55, 52, 51, 50, 47] : Safe
[58, 57, 54, 53, 52, 50] : Safe
[75, 73, 72, 70, 67] : Safe
[27, 26, 24, 22, 21] : Safe
[24, 23, 20, 17, 15, 14, 12] : Safe
[30, 29, 27, 25, 24] : Safe
[81, 80, 78, 77, 74, 73, 71, 70] : Safe
[58, 57, 56, 53, 50, 47, 46, 43] : Safe
[85, 88, 90, 93, 94] : Safe
[91, 89, 88, 85, 84, 82, 80, 77] : Safe
[16, 19, 22, 24, 25, 27, 28] : Safe
[23, 26, 29, 31, 33, 34] : Safe
[87, 88, 90, 92, 93] : Safe
[55, 57, 58, 59, 62, 63, 66] : Safe
[25, 26, 27, 30, 31, 32] : Safe
[90, 92, 95, 97, 99] : Safe
[48, 49, 51, 53, 56, 58, 60, 61] : Safe
[31, 33, 35, 36, 38, 41] : Safe
[53, 54, 56, 57, 59, 62, 63] : Safe
[56, 59, 61, 64, 65] : Safe
[49, 48, 45, 44, 42, 40, 38] : Safe
[66, 65, 63, 60, 58, 56] : Safe
[38, 41, 43, 44, 47, 50, 53] : Safe
[2, 3, 4, 6, 9] : Safe
